498.34 9 100
1097.41 75 36
1344.95 14 27
1901.59 57 26
2047.15 26 68
2615.16 10 94
2758.04 48 13
3237.98 71 36
3406.83 80 72
3451.87 36 20
3808.04 42 25
3936.47 50 84
4460.23 87 67
4598.97 12 98
5027.13 24 41
5093.25 48 65
5348.40 28 46
5402.82 83 56
5622.30 65 64
6038.90 78 95
6281.40 32 100
6763.83 16 70
7216.21 11 74
7266.03 88 94
7467.05 90 9
7502.19 85 42
7807.80 29 56
7935.19 19 17
8336.42 18 79
8445.85 72 6
8996.78 55 36
9123.52 61 92
9690.50 47 93
9728.29 72 82
9920.61 77 76
10330.28 83 50
10820.03 75 57
11392.47 14 43
11486.03 13 64
11772.92 56 7
11915.17 18 67
12269.08 12 14
12505.89 84 14
12891.85 26 4
13237.78 32 98
13701.57 60 64
14102.79 11 19
14211.94 22 28
14737.78 62 83
15223.06 34 65
15475.19 92 79
15889.88 62 53
16275.28 89 86
16280.59 57 1
16837.28 24 35
16841.82 43 1
17155.85 9 21
17368.17 25 5
17731.54 8 38
18286.11 51 13
18342.17 13 26
18914.45 51 97
18967.88 91 88
19478.25 62 8
19673.52 53 69
19835.14 81 57
20121.73 68 21
20364.57 74 78
20629.72 86 25
20650.00 19 21
20696.11 62 11
20831.42 91 13
21076.75 66 33
21294.04 69 1
21763.49 29 39
22075.91 13 84
22323.81 17 50
22842.05 62 2
23062.53 38 78
23598.21 94 99
24096.29 64 27
24430.95 99 21
24452.34 11 58
24874.33 31 64
25058.90 85 68
25160.22 35 86
25494.76 62 33
25920.74 26 20
26379.06 46 62
26456.33 62 90
26567.05 98 49
26623.43 19 79
26700.11 56 92
27012.34 61 66
27491.39 28 33
27574.56 4 69
27749.75 74 32
28304.24 11 6
28507.44 14 3
28980.24 15 6
